202752
28035
41275
2082193
1654931
690850
321
1385937
1051646
57706
40577
1513
286
61645
230089
158836
110539
234
522484
766224
687
1702170
504
680
297352
76760
1051072
271420
1443113
760154
463040
184917
568814
641107
909768
33870
2066049
183795
189971
293826
386415
237610
469
1637
702453
1328
869212
700015
883
935198
106648
463014
32025
56877
1762
29433
512649
1519
876
123841
1363
61647
588932
1800
76892
1295826
1888195
1561
210
160453
237609
302409
1699623
138563
31979
439334
1041809
194
593874
643214
1346
28452
1032069
1357279
581
170
1290
536227
76890
104087
1302
351671
251695
393119
69966
626
1407071
207559
568987
135569
1682492
45669
1906661
1759399
1338031
36830
72
2213057
584
948
50719
235279
1433289
937774
634113
1123016
563
1335483
1074000
332101
1388749
2755
1279
2283318
317
217204
1216932
334543
588
487
227979
218495
126385
1646498
1871111
70258
96942
1509
2290923
169679
302406
487316
1643
488545
1338032
931276
1416806
80852
259536
155085
637910
748727
28898
762376
506
561
1352
1156433
1441629
712633
1660076
134287
99822
1090974
84378
45634
1045858
20
290425
141679
279808
593905
1497
2025808
1281
482
67825
1114965
40215
1314
52584
1029718
1499686
2054919
2004644
1318
672795
1408284
182210
1340
587753
33969
2249310
158822
590
46679
203804
1301
75697
1502
1330545
1930532
582
409304
929813
1788301
1435069
1073999
83654
952
293071
1660067
927666
413496
573061
62153
2026240
148813
944546
1611770
711328
413502
76258
508767
36826
286130
1350
553239
1440052
571
683837
670516
673
191390
168169
260367
1853278
1808001
544
881
364197
47884
146507
951
672
591968
360107
1248726
40216
1121448
471
195
575788
49082
84113
797277
631220
2201356
29521
338215
1031542
2172103
2756
41514
69965
102684
1349
390235
39766
29546
1121267
1261127
28183
545
1243601
1531429
1341692
760570
1767
768486
1423892
583
45658
253237
217
1914861
1196083
287
413999
102106
1513890
1287066
1501
28173
507
570
101564
2054914
291112
1183380
136843
666
83655
1262462
1076934
350058
1788
1172562
298386
83262
981540
1746199
1309
1280
1301098
401618
300
67824
573370
901
1196094
716541
573065
366602
200451
486
2065118
1921582
519
321662
44674
206
1702238
511
319
172
191675
211968
498214
108981
879567
212717
29487
668
937773
1077464
693216
565034
208223
297361
1336
32002
943
1758194
1038922
1778262
1070130
2066051
66821
1005042
388919
1028416
663
29498
122355
985002
1853276
53408
1031754
1898684
1219061
1246305
2077149
859654
354276
562
564
136842
526224
985762
251535
84563
2203895
944547
157783
1215087
190895
413497
106179
360910
2052837
222136
528
1116375
29575
519472
119603
843
51669
413498
1158459
1608473
238834
702455
1866885
1338
390805
1340847
903510
622
29497
1274359
36746
701347
2201350
1344959
481
35703
171
34053
145391
1827469
246432
2060306
28091
1399116
251698
336306
1028307
862969
708186
563040
1002804
72293
586
212663
57665
1763
537970
55601
2153385
37734
310575
1492
548
1032241
1326
873
1496
2079596
702
498213
1915310
1354
1344042
1295
76758
1710356
1461582
138072
633807
32024
1638
145259
308354
360104
202747
1231072
2049589
1766
407035
535744
186820
981367
272626
246861
90243
85581
201
1827481
479832
1768
1789224
65741
41707
1036172
673372
945021
222
603050
1692238
1348
33970
745156
1007105
199
37372
54736
65553
36866
40269
61646
1354304
1720344
1292
184250
2045200
1295392
1755811
1410383
1449752
463025
1578165
33871
1283
1552
197614
1284
223283
1334
1538
2218628
198618
216142
72294
529
312309
1303
170573
84564
525898
47885
395598
380021
32257
2035811
91352
1036672
1771
1069533
62977
872
1493
1472344
759914
1148157
28901
1305
106178
306263
214473
1491
1243602
1149133
1300
1031536
76936
1429044
212767
33069
202746
743720
691
296
1173798
1166130
499175
930166
565655
136845
1304
196
84107
483
883064
1072685
936155
197
28199
384676
741155
1906657
49118
670
158483
1054460
1032238
400065
47880
1772
1494
90964
28449
953
871585
1280002
1699621
585
1194526
326523
323
1434072
844
1104322
74829
571800
478547
2737
69395
34062
1850254
1262350
538
633149
28141
360105
1004952
669
208226
1415774
135621
1196835
573
671232
365659
251701
657
1330547
40214
76860
169669
662
91353
46677
1294
571256
159
1855823
46127
1313
191026
1046624
488
294
157782
1907578
1931241
889201
1296
703
1856685
70255
43263
1330546
984237
755731
29385
1042156
48296
1360
88688
214
36809
1367491
29388
1849491
1500960
406818
1310
169402
1814128
1031746
316
53354
931281
1335
587
1977566
1392877
423211
118882
655307
114627
35795
33993
495
1351
1716143
29494
84022
2172100
1176482
283734
630626
76761
1159554
359336
1507806
421605
2027919
1388753
1001585
150055
352
1520
1591088
35814
38293
1453988
53346
76759
46170
547
1548
36827
1542
1499973
74426
511678
46626
29382
197482
1505597
86416
1437824
198
543
51668
1874362
546
222891
84023
209
1534743
150396
1853130
1159613
428411
746360
1885919
71
1244531
1671868
1965231
1485
1335640
90245
147467
199310
1224742
1037915
59
1117941
1156431
1104326
1920110
476281
743713
693444
44008
1193515
2018067
29510
572480
1366
1388752
300267
182217
333849
1667327
417368
61015
461876
1697043
81852
85698
143786
54393
475
53345
1141660
1206777
2005363
1331258
1148509
1334193
1266923
1849530
1221522
644801
57320
1100891
195103
1364
779
59201
1903414
2005703
1031564
1463165
45972
44742
1211579
74313
2042066
641491
1581011
891974
1345
468
113107
516075
1416803
46867
1981033
1642
32022
119602
756892
578833
641
1243595
136846
758847
123899
316275
942
1428454
86265
1472345
580033
136841
1415630
350688
35617
59202
75
213
28037
497724
1851544
194924
155892
260714
40576
497
38294
507522
1358
40041
366522
696485
1302863
303
305976
399742
103855
1660073
1073531
1225174
1041504
1307
67827
29442
2067572
663364
28090
490
1150621
1328314
862967
192954
28197
1697053
1424294
1232724
190893
1322246
200
1902136
264730
862970
1155766
824
1032066
862971
827
944
1811193
217159
702115
2282309
941968
386891
640513
29438
94624
74109
198620
257758
1311
1283291
768
1163710
195102
1758189
1898474
69220
643562
630
1207075
1247726
143221
1161918
29379
2060307
1881017
246273
674
1004951
1660064
1660074
2086584
1640
1703250
482462
913085
273121
1764
69219
160674
620
643674
29384
663952
226185
1208660
1785128
709032
1282
29430
45610
436717
480
1825069
511691
95300
301105
1242245
47879
208962
351
550
467705
712624
879
592205
84377
69218
929506
644968
29390
36831
1534
351679
1288
1488
488546
326298
637
59203
78587
1008459
2025658
929558
1286
658445
76517
1163745
374106
120793
394958
1331671
413501
539
52443
1308
1276282
479831
710421
537971
2163011
1121451
1891919
722731
312306
70775
1636603
1357
1881016
929812
2027290
82348
353
150054
1639
203907
333962
1384061
102608
470
2054915
75612
330922
290402
36745
315405
521
517
1388750
58180
1453989
641147
676
29574
338321
1028989
136849
1134687
217203
512566
1400867
1415775
522485
173
28196
29341
1359
628
1232139
84590
220622
717610
